,index,feature from,model,train score,accuracy score,recall score,precision score,tn,fp,tp,fn
0,0,Random forest,Random forest,0.9953851615193469,0.7608232789212207,0.42297650130548303,0.5827338129496403,910,116,162,221
1,1,Random forest,Bagging,0.9776357827476039,0.7558552164655784,0.3838120104438642,0.5764705882352941,918,108,147,236
2,2,Random forest,Extra trees,0.9953851615193469,0.7544357700496807,0.4281984334203655,0.563573883161512,899,127,164,219
3,3,Random forest,adaboost,0.8068867589634363,0.7920511000709723,0.47780678851174935,0.6630434782608695,933,93,183,200
4,4,Random forest,XG Boost,0.8191338303159389,0.7963094393186657,0.5039164490861618,0.6655172413793103,929,97,193,190
5,5,Random forest,Logistic Regression,0.8029818956336529,0.794180269694819,0.5117493472584856,0.6555183946488294,923,103,196,187
6,6,Random forest,K Nearest Neighbors,0.8317358892438764,0.7537260468417317,0.4073107049608355,0.5652173913043478,906,120,156,227
7,7,Random forest,Decision Tree,0.7247071352502662,0.7366926898509581,0.793733681462141,0.5100671140939598,734,292,304,79
8,8,Random forest,Gradient boosting,0.9953851615193469,0.723207948899929,0.4699738903394256,0.4904632152588556,839,187,180,203
9,9,Bagging,Random forest,0.9957401490947817,0.7615330021291696,0.4255874673629243,0.5842293906810035,910,116,163,220
10,10,Bagging,Bagging,0.9735534256301029,0.7579843860894251,0.3968668407310705,0.5801526717557252,916,110,152,231
11,11,Bagging,Extra trees,0.9957401490947817,0.7537260468417317,0.4490861618798956,0.5584415584415584,890,136,172,211
12,12,Bagging,adaboost,0.806354277600284,0.794180269694819,0.4908616187989556,0.6643109540636042,931,95,188,195
13,13,Bagging,XG Boost,0.8173588924387647,0.7920511000709723,0.4699738903394256,0.6666666666666666,936,90,180,203
14,14,Bagging,Logistic Regression,0.8067092651757188,0.7955997161107168,0.47780678851174935,0.6752767527675276,938,88,183,200
15,15,Bagging,K Nearest Neighbors,0.8439829605963791,0.7494677075940384,0.4151436031331593,0.5520833333333334,897,129,159,224
16,16,Bagging,Decision Tree,0.7438764643237487,0.7558552164655784,0.6945169712793734,0.539553752535497,799,227,266,117
17,17,Bagging,Gradient boosting,0.9957401490947817,0.7203690560681334,0.48825065274151436,0.4857142857142857,828,198,187,196
18,18,Extra trees,Random forest,0.8899538516151935,0.7501774308019872,0.4360313315926893,0.5511551155115512,890,136,167,216
19,19,Extra trees,Bagging,0.883564075257366,0.7551454932576295,0.4516971279373368,0.5616883116883117,891,135,173,210
20,20,Extra trees,Extra trees,0.8899538516151935,0.7459190915542938,0.42036553524804177,0.5420875420875421,890,136,161,222
21,21,Extra trees,adaboost,0.8044018459353922,0.7899219304471257,0.4725848563968668,0.6581818181818182,932,94,181,202
22,22,Extra trees,XG Boost,0.8091941782037628,0.7877927608232789,0.45430809399477806,0.6590909090909091,936,90,174,209
23,23,Extra trees,Logistic Regression,0.7990770323038694,0.7927608232789212,0.5091383812010444,0.6521739130434783,922,104,195,188
24,24,Extra trees,K Nearest Neighbors,0.8336883209087682,0.7636621717530163,0.4595300261096606,0.5827814569536424,900,126,176,207
25,25,Extra trees,Decision Tree,0.7035853745118921,0.709013484740951,0.8120104438642297,0.47919876733436056,688,338,311,72
26,26,Extra trees,Gradient boosting,0.8899538516151935,0.7423704755145494,0.42297650130548303,0.5328947368421053,884,142,162,221
27,27,adaboost,Random forest,0.9955626553070642,0.7707594038325053,0.4255874673629243,0.6127819548872181,923,103,163,220
28,28,adaboost,Bagging,0.9774582889598864,0.7892122072391767,0.4386422976501306,0.672,944,82,168,215
29,29,adaboost,Extra trees,0.9955626553070642,0.759403832505323,0.4308093994778068,0.5769230769230769,905,121,165,218
30,30,adaboost,adaboost,0.806354277600284,0.7899219304471257,0.4830287206266319,0.6537102473498233,928,98,185,198
31,31,adaboost,XG Boost,0.8170039048633297,0.794889992902768,0.4621409921671018,0.6807692307692308,943,83,177,206
32,32,adaboost,Logistic Regression,0.8035143769968051,0.7970191625266146,0.47780678851174935,0.6802973977695167,940,86,183,200
33,33,adaboost,K Nearest Neighbors,0.8438054668086616,0.7544357700496807,0.4412532637075718,0.5614617940199336,894,132,169,214
34,34,adaboost,Decision Tree,0.731629392971246,0.7281760113555713,0.6866840731070496,0.5,763,263,263,120
35,35,adaboost,Gradient boosting,0.9955626553070642,0.7203690560681334,0.46736292428198434,0.48509485094850946,836,190,179,204
36,36,XG Boost,Random forest,0.9966276180333689,0.772888573456352,0.412532637075718,0.6245059288537549,931,95,158,225
37,37,XG Boost,Bagging,0.9794107206247782,0.758694109297374,0.39425587467362927,0.583011583011583,918,108,151,232
38,38,XG Boost,Extra trees,0.9966276180333689,0.759403832505323,0.4308093994778068,0.5769230769230769,905,121,165,218
39,39,XG Boost,adaboost,0.8044018459353922,0.7863733144073811,0.44386422976501305,0.6589147286821705,938,88,170,213
40,40,XG Boost,XG Boost,0.8193113241036564,0.7998580553584103,0.4699738903394256,0.694980694980695,947,79,180,203
41,41,XG Boost,Logistic Regression,0.7964146254881079,0.794889992902768,0.45430809399477806,0.6850393700787402,946,80,174,209
42,42,XG Boost,K Nearest Neighbors,0.8322683706070287,0.7480482611781405,0.3785900783289817,0.5534351145038168,909,117,145,238
43,43,XG Boost,Decision Tree,0.7328718494852681,0.7288857345635202,0.7232375979112271,0.5009041591320073,750,276,277,106
44,44,XG Boost,Gradient boosting,0.9966276180333689,0.7111426543647977,0.46736292428198434,0.468586387434555,823,203,179,204
45,45,Logistic Regression,Random forest,0.9950301739439119,0.7537260468417317,0.45691906005221933,0.5573248407643312,887,139,175,208
46,46,Logistic Regression,Bagging,0.9742634007809726,0.7544357700496807,0.4177545691906005,0.5653710247349824,903,123,160,223
47,47,Logistic Regression,Extra trees,0.9950301739439119,0.7402413058907026,0.4595300261096606,0.5253731343283582,867,159,176,207
48,48,Logistic Regression,adaboost,0.8058217962371317,0.7998580553584103,0.48825065274151436,0.684981684981685,940,86,187,196
49,49,Logistic Regression,XG Boost,0.8109691160809371,0.7984386089425124,0.4725848563968668,0.688212927756654,944,82,181,202
50,50,Logistic Regression,Logistic Regression,0.8072417465388712,0.7970191625266146,0.48825065274151436,0.6750902527075813,936,90,187,196
51,51,Logistic Regression,K Nearest Neighbors,0.8317358892438764,0.7295954577714692,0.34464751958224543,0.5038167938931297,896,130,132,251
52,52,Logistic Regression,Decision Tree,0.7689030883919062,0.7686302342086586,0.6005221932114883,0.5707196029776674,853,173,230,153
53,53,Logistic Regression,Gradient boosting,0.9950301739439119,0.7132718239886444,0.4595300261096606,0.4718498659517426,829,197,176,207
54,54,K Nearest Neighbors,Random forest,0.9939652112176074,0.751596877217885,0.391644908616188,0.5617977528089888,909,117,150,233
55,55,K Nearest Neighbors,Bagging,0.9769258075967341,0.7466288147622427,0.34986945169712796,0.5537190082644629,918,108,134,249
56,56,K Nearest Neighbors,Extra trees,0.9941427050053249,0.7466288147622427,0.39947780678851175,0.5464285714285714,899,127,153,230
57,57,K Nearest Neighbors,adaboost,0.7983670571529996,0.7913413768630234,0.4908616187989556,0.6550522648083623,927,99,188,195
58,58,K Nearest Neighbors,XG Boost,0.8118565850195243,0.78708303761533,0.46736292428198434,0.6509090909090909,930,96,179,204
59,59,K Nearest Neighbors,Logistic Regression,0.7981895633652822,0.7842441447835344,0.46736292428198434,0.6415770609318996,926,100,179,204
60,60,K Nearest Neighbors,K Nearest Neighbors,0.8331558395456159,0.7508871540099361,0.39947780678851175,0.5583941605839416,905,121,153,230
61,61,K Nearest Neighbors,Decision Tree,0.7628682996095136,0.7643718949609652,0.6501305483028721,0.5570469798657718,828,198,249,134
62,62,K Nearest Neighbors,Gradient boosting,0.9941427050053249,0.7118523775727467,0.4386422976501306,0.467966573816156,835,191,168,215
63,63,Decision Tree,Random forest,0.951721689740859,0.7629524485450674,0.4699738903394256,0.5787781350482315,895,131,180,203
64,64,Decision Tree,Bagging,0.9366347177848775,0.7530163236337828,0.4360313315926893,0.5585284280936454,894,132,167,216
65,65,Decision Tree,Extra trees,0.951721689740859,0.7444996451383961,0.4464751958224543,0.5360501567398119,878,148,171,212
66,66,Decision Tree,adaboost,0.802626908058218,0.7927608232789212,0.4595300261096606,0.6743295019157088,941,85,176,207
67,67,Decision Tree,XG Boost,0.8083067092651757,0.7899219304471257,0.4595300261096606,0.6641509433962264,937,89,176,207
68,68,Decision Tree,Logistic Regression,0.7997870074547391,0.7963094393186657,0.4699738903394256,0.6818181818181818,942,84,180,203
69,69,Decision Tree,K Nearest Neighbors,0.8379481718139865,0.7643718949609652,0.4516971279373368,0.5864406779661017,904,122,173,210
70,70,Decision Tree,Decision Tree,0.7841675541356052,0.7778566359119943,0.5352480417754569,0.6029411764705882,891,135,205,178
71,71,Decision Tree,Gradient boosting,0.951721689740859,0.7260468417317246,0.45691906005221933,0.49575070821529743,848,178,175,208
72,72,Gradient boosting,Random forest,0.901313454029109,0.7672107877927609,0.5404699738903395,0.5766016713091922,874,152,207,176
73,73,Gradient boosting,Bagging,0.8936812211572595,0.7679205110007097,0.5039164490861618,0.5848484848484848,889,137,193,190
74,74,Gradient boosting,Extra trees,0.901313454029109,0.7558552164655784,0.4856396866840731,0.5585585585585585,879,147,186,197
75,75,Gradient boosting,adaboost,0.8045793397231097,0.7906316536550745,0.46736292428198434,0.662962962962963,935,91,179,204
76,76,Gradient boosting,XG Boost,0.8099041533546326,0.7877927608232789,0.4725848563968668,0.6510791366906474,929,97,181,202
77,77,Gradient boosting,Logistic Regression,0.8006744763933262,0.7927608232789212,0.4908616187989556,0.6596491228070176,929,97,188,195
78,78,Gradient boosting,K Nearest Neighbors,0.8342208022719205,0.7622427253371186,0.4908616187989556,0.573170731707317,886,140,188,195
79,79,Gradient boosting,Decision Tree,0.7319843805466809,0.7480482611781405,0.7676240208877284,0.525,760,266,294,89
80,80,Gradient boosting,Gradient boosting,0.901313454029109,0.7324343506032647,0.4751958224543081,0.5083798882681564,850,176,182,201
81,SFS Reverse,SFS Reverse,SFS Reverse,SFS Reverse,SFS Reverse,SFS Reverse,SFS Reverse,SFS Reverse,SFS Reverse,SFS Reverse,SFS Reverse
82,82,Random forest,Random forest,0.9973375931842385,0.7693399574166075,0.4255874673629243,0.6082089552238806,921,105,163,220
83,83,Random forest,Bagging,0.9794107206247782,0.752306600425834,0.370757180156658,0.568,918,108,142,241
84,84,Random forest,Extra trees,0.9973375931842385,0.7686302342086586,0.4699738903394256,0.594059405940594,903,123,180,203
85,85,Random forest,adaboost,0.8095491657791978,0.7955997161107168,0.5013054830287206,0.6643598615916955,929,97,192,191
86,86,Random forest,XG Boost,0.821618743343983,0.7984386089425124,0.4934725848563969,0.6774193548387096,936,90,189,194
87,87,Random forest,Logistic Regression,0.805111821086262,0.8041163946061036,0.4699738903394256,0.7114624505928854,953,73,180,203
88,88,Random forest,K Nearest Neighbors,0.8338658146964856,0.7487579843860894,0.381201044386423,0.5551330798479087,909,117,146,237
89,89,Random forest,Decision Tree,0.7705005324813632,0.7686302342086586,0.6814621409921671,0.5612903225806452,822,204,261,122
90,90,Random forest,Gradient boosting,0.9973375931842385,0.7189496096522356,0.4804177545691906,0.48293963254593175,829,197,184,199
91,91,Bagging,Random forest,0.996272630457934,0.7700496806245565,0.43342036553524804,0.608058608058608,919,107,166,217
92,92,Bagging,Bagging,0.9778132765353212,0.7629524485450674,0.4386422976501306,0.5853658536585366,907,119,168,215
93,93,Bagging,Extra trees,0.996272630457934,0.7430801987224982,0.46475195822454307,0.5313432835820896,869,157,178,205
94,94,Bagging,adaboost,0.806354277600284,0.7998580553584103,0.4908616187989556,0.6836363636363636,939,87,188,195
95,95,Bagging,XG Boost,0.8196663116790912,0.7913413768630234,0.44386422976501305,0.6772908366533864,945,81,170,213
96,96,Bagging,Logistic Regression,0.7964146254881079,0.7920511000709723,0.4595300261096606,0.6717557251908397,940,86,176,207
97,97,Bagging,K Nearest Neighbors,0.8319133830315939,0.7530163236337828,0.3968668407310705,0.5650557620817844,909,117,152,231
98,98,Bagging,Decision Tree,0.7302094426695066,0.7395315826827538,0.7467362924281984,0.5143884892086331,756,270,286,97
99,99,Bagging,Gradient boosting,0.996272630457934,0.7075940383250532,0.4699738903394256,0.46272493573264784,817,209,180,203
100,100,Extra trees,Random forest,0.996272630457934,0.7636621717530163,0.4308093994778068,0.5892857142857143,911,115,165,218
101,101,Extra trees,Bagging,0.9792332268370607,0.7551454932576295,0.4046997389033943,0.5698529411764706,909,117,155,228
102,102,Extra trees,Extra trees,0.996272630457934,0.7615330021291696,0.46475195822454307,0.5760517799352751,895,131,178,205
103,103,Extra trees,adaboost,0.8022719204827831,0.7927608232789212,0.45691906005221933,0.6756756756756757,942,84,175,208
104,104,Extra trees,XG Boost,0.8123890663826766,0.7934705464868701,0.47780678851174935,0.6678832116788321,935,91,183,200
105,105,Extra trees,Logistic Regression,0.8003194888178914,0.7984386089425124,0.4725848563968668,0.688212927756654,944,82,181,202
106,106,Extra trees,K Nearest Neighbors,0.8303159389421371,0.7508871540099361,0.3733681462140992,0.562992125984252,915,111,143,240
107,107,Extra trees,Decision Tree,0.7690805821796237,0.7629524485450674,0.6057441253263708,0.5590361445783133,843,183,232,151
108,108,Extra trees,Gradient boosting,0.996272630457934,0.7054648687012065,0.4516971279373368,0.4576719576719577,821,205,173,210
109,109,adaboost,Random forest,0.9955626553070642,0.7665010645848119,0.44386422976501305,0.5944055944055944,910,116,170,213
110,110,adaboost,Bagging,0.9792332268370607,0.7551454932576295,0.42036553524804177,0.5669014084507042,903,123,161,222
111,111,adaboost,Extra trees,0.9955626553070642,0.7395315826827538,0.4412532637075718,0.5248447204968945,873,153,169,214
112,112,adaboost,adaboost,0.8145189918352858,0.7991483321504613,0.5013054830287206,0.676056338028169,934,92,192,191
113,113,adaboost,XG Boost,0.8257011004614838,0.7984386089425124,0.4856396866840731,0.6813186813186813,939,87,186,197
114,114,adaboost,Logistic Regression,0.7999645012424565,0.7934705464868701,0.4725848563968668,0.6703703703703704,937,89,181,202
115,115,adaboost,K Nearest Neighbors,0.8312034078807242,0.7494677075940384,0.3838120104438642,0.5568181818181818,909,117,147,236
116,116,adaboost,Decision Tree,0.7516861909833156,0.7615330021291696,0.7023498694516971,0.5478615071283096,804,222,269,114
117,117,adaboost,Gradient boosting,0.9955626553070642,0.7146912704045423,0.4699738903394256,0.47493403693931396,827,199,180,203
118,118,XG Boost,Random forest,0.997515086971956,0.7856635911994322,0.45430809399477806,0.651685393258427,933,93,174,209
119,119,XG Boost,Bagging,0.979765708200213,0.751596877217885,0.39425587467362927,0.5613382899628253,908,118,151,232
120,120,XG Boost,Extra trees,0.997515086971956,0.7636621717530163,0.4699738903394256,0.5806451612903226,896,130,180,203
121,121,XG Boost,adaboost,0.8115015974440895,0.794889992902768,0.4934725848563969,0.6654929577464789,931,95,189,194
122,122,XG Boost,XG Boost,0.829073482428115,0.7927608232789212,0.4725848563968668,0.6678966789667896,936,90,181,202
123,123,XG Boost,Logistic Regression,0.7997870074547391,0.7955997161107168,0.4699738903394256,0.6792452830188679,941,85,180,203
124,124,XG Boost,K Nearest Neighbors,0.8335108271210507,0.7466288147622427,0.38903394255874674,0.5477941176470589,903,123,149,234
125,125,XG Boost,Decision Tree,0.7676606318778842,0.7721788502484032,0.6840731070496083,0.5670995670995671,826,200,262,121
126,126,XG Boost,Gradient boosting,0.997515086971956,0.7224982256919801,0.5169712793733682,0.4900990099009901,820,206,198,185
127,127,Logistic Regression,Random forest,0.9966276180333689,0.7665010645848119,0.4360313315926893,0.5964285714285714,913,113,167,216
128,128,Logistic Regression,Bagging,0.9783457578984736,0.7700496806245565,0.4308093994778068,0.6088560885608856,920,106,165,218
129,129,Logistic Regression,Extra trees,0.9966276180333689,0.7466288147622427,0.43342036553524804,0.5424836601307189,886,140,166,217
130,130,Logistic Regression,adaboost,0.8084842030528931,0.7927608232789212,0.4751958224543081,0.6666666666666666,935,91,182,201
131,131,Logistic Regression,XG Boost,0.8182463613773517,0.794180269694819,0.48825065274151436,0.6654804270462633,932,94,187,196
132,132,Logistic Regression,Logistic Regression,0.8058217962371317,0.7934705464868701,0.4804177545691906,0.6666666666666666,934,92,184,199
133,133,Logistic Regression,K Nearest Neighbors,0.8294284700035499,0.7260468417317246,0.3368146214099217,0.4942528735632184,894,132,129,254
134,134,Logistic Regression,Decision Tree,0.7472488462903798,0.7508871540099361,0.720626631853786,0.5307692307692308,782,244,276,107
135,135,Logistic Regression,Gradient boosting,0.9966276180333689,0.7139815471965933,0.4516971279373368,0.4726775956284153,833,193,173,210
136,136,K Nearest Neighbors,Random forest,0.9964501242456514,0.7629524485450674,0.4281984334203655,0.5878136200716846,911,115,164,219
137,137,K Nearest Neighbors,Bagging,0.9771033013844516,0.7572746628814763,0.391644908616188,0.5791505791505791,917,109,150,233
138,138,K Nearest Neighbors,Extra trees,0.9966276180333689,0.7423704755145494,0.42297650130548303,0.5328947368421053,884,142,162,221
139,139,K Nearest Neighbors,adaboost,0.8120340788072418,0.794180269694819,0.4856396866840731,0.6666666666666666,933,93,186,197
140,140,K Nearest Neighbors,XG Boost,0.824103656372027,0.7955997161107168,0.46475195822454307,0.6819923371647509,943,83,178,205
141,141,K Nearest Neighbors,Logistic Regression,0.7969471068512602,0.7913413768630234,0.4490861618798956,0.6745098039215687,943,83,172,211
142,142,K Nearest Neighbors,K Nearest Neighbors,0.8324458643947462,0.7487579843860894,0.3785900783289817,0.5555555555555556,910,116,145,238
143,143,K Nearest Neighbors,Decision Tree,0.7547035853745119,0.7650816181689141,0.6710182767624021,0.5562770562770563,821,205,257,126
144,144,K Nearest Neighbors,Gradient boosting,0.9966276180333689,0.7104329311568488,0.4621409921671018,0.46701846965699206,824,202,177,206
145,145,Decision Tree,Random forest,0.9955626553070642,0.7714691270404542,0.4386422976501306,0.610909090909091,919,107,168,215
146,146,Decision Tree,Bagging,0.9767483138090167,0.7537260468417317,0.39425587467362927,0.5676691729323309,911,115,151,232
147,147,Decision Tree,Extra trees,0.9955626553070642,0.7437899219304471,0.42297650130548303,0.5364238410596026,886,140,162,221
148,148,Decision Tree,adaboost,0.8111466098686546,0.794889992902768,0.4725848563968668,0.6753731343283582,939,87,181,202
149,149,Decision Tree,XG Boost,0.8154064607738729,0.8055358410220014,0.47780678851174935,0.7120622568093385,952,74,183,200
150,150,Decision Tree,Logistic Regression,0.8036918707845225,0.8048261178140526,0.4725848563968668,0.7125984251968503,953,73,181,202
151,151,Decision Tree,K Nearest Neighbors,0.8331558395456159,0.7494677075940384,0.38642297650130547,0.556390977443609,908,118,148,235
152,152,Decision Tree,Decision Tree,0.7907348242811502,0.7927608232789212,0.6161879895561357,0.6194225721784777,881,145,236,147
153,153,Decision Tree,Gradient boosting,0.9955626553070642,0.7224982256919801,0.46475195822454307,0.489010989010989,840,186,178,205
154,154,Gradient boosting,Random forest,0.9964501242456514,0.758694109297374,0.4073107049608355,0.5799256505576208,913,113,156,227
155,155,Gradient boosting,Bagging,0.979765708200213,0.7395315826827538,0.36553524804177545,0.5303030303030303,902,124,140,243
156,156,Gradient boosting,Extra trees,0.9966276180333689,0.7473385379701917,0.42297650130548303,0.5454545454545454,891,135,162,221
157,157,Gradient boosting,adaboost,0.8084842030528931,0.7899219304471257,0.4725848563968668,0.6581818181818182,932,94,181,202
158,158,Gradient boosting,XG Boost,0.8246361377351793,0.7970191625266146,0.46736292428198434,0.685823754789272,944,82,179,204
159,159,Gradient boosting,Logistic Regression,0.8001419950301739,0.794180269694819,0.47780678851174935,0.6703296703296703,936,90,183,200
160,160,Gradient boosting,K Nearest Neighbors,0.8320908768193114,0.7459190915542938,0.381201044386423,0.5468164794007491,905,121,146,237
161,161,Gradient boosting,Decision Tree,0.7465388711395101,0.752306600425834,0.7284595300261096,0.5324427480916031,781,245,279,104
162,162,Gradient boosting,Gradient boosting,0.9966276180333689,0.7097232079489,0.4621409921671018,0.46578947368421053,823,203,177,206
163,163,RFE,Random forest,0.7870074547390842,0.7920511000709723,0.5117493472584856,0.6490066225165563,920,106,196,187
164,164,RFE,Bagging,0.7868299609513667,0.7885024840312278,0.5404699738903395,0.6291793313069909,904,122,207,176
165,165,RFE,Extra trees,0.7870074547390842,0.7920511000709723,0.5117493472584856,0.6490066225165563,920,106,196,187
166,166,RFE,adaboost,0.7864749733759319,0.7920511000709723,0.5117493472584856,0.6490066225165563,920,106,196,187
167,167,RFE,XG Boost,0.7864749733759319,0.7920511000709723,0.5117493472584856,0.6490066225165563,920,106,196,187
168,168,RFE,Logistic Regression,0.7864749733759319,0.7920511000709723,0.5117493472584856,0.6490066225165563,920,106,196,187
169,169,RFE,K Nearest Neighbors,0.7417465388711395,0.7260468417317246,0.17493472584856398,0.48905109489051096,956,70,67,316
170,170,RFE,Decision Tree,0.7357117500887469,0.7508871540099361,0.7519582245430809,0.5294117647058824,770,256,288,95
171,171,RFE,Gradient boosting,0.7870074547390842,0.7920511000709723,0.5117493472584856,0.6490066225165563,920,106,196,187
172,Label Encoded Iterations instead of get dummies,Label Encoded Iterations instead of get dummies,Label Encoded Iterations instead of get dummies,Label Encoded Iterations instead of get dummies,Label Encoded Iterations instead of get dummies,Label Encoded Iterations instead of get dummies,Label Encoded Iterations instead of get dummies,Label Encoded Iterations instead of get dummies,Label Encoded Iterations instead of get dummies,Label Encoded Iterations instead of get dummies,Label Encoded Iterations instead of get dummies
173,173,Random forest,Random forest,0.9980475683351083,0.7714691270404542,0.43342036553524804,0.6125461254612546,921,105,166,217
174,174,Random forest,Bagging,0.981008164714235,0.751596877217885,0.4046997389033943,0.5595667870036101,904,122,155,228
175,175,Random forest,Extra trees,0.9980475683351083,0.7565649396735273,0.4360313315926893,0.5680272108843537,899,127,167,216
176,176,Random forest,adaboost,0.806354277600284,0.801277501774308,0.5039164490861618,0.6819787985865724,936,90,193,190
177,177,Random forest,XG Boost,0.8201987930422435,0.794889992902768,0.4830287206266319,0.6702898550724637,935,91,185,198
178,178,Random forest,Logistic Regression,0.8003194888178914,0.7892122072391767,0.4908616187989556,0.6482758620689655,924,102,188,195
179,179,Random forest,K Nearest Neighbors,0.8319133830315939,0.7494677075940384,0.38903394255874674,0.5559701492537313,907,119,149,234
180,180,Random forest,Decision Tree,0.7504437344692936,0.7501774308019872,0.6971279373368147,0.5308151093439364,790,236,267,116
181,181,Random forest,Gradient boosting,0.9980475683351083,0.7118523775727467,0.45430809399477806,0.46900269541778977,829,197,174,209
182,182,Bagging,Random forest,0.9982250621228257,0.7806955287437899,0.4490861618798956,0.6370370370370371,928,98,172,211
183,183,Bagging,Bagging,0.9826056088036919,0.7558552164655784,0.4046997389033943,0.5719557195571956,910,116,155,228
184,184,Bagging,Extra trees,0.9982250621228257,0.7665010645848119,0.44386422976501305,0.5944055944055944,910,116,170,213
185,185,Bagging,adaboost,0.8104366347177849,0.7970191625266146,0.4960835509138381,0.6713780918727915,933,93,190,193
186,186,Bagging,XG Boost,0.8209087681931132,0.7955997161107168,0.47780678851174935,0.6752767527675276,938,88,183,200
187,187,Bagging,Logistic Regression,0.7983670571529996,0.7955997161107168,0.4934725848563969,0.6678445229681979,932,94,189,194
188,188,Bagging,K Nearest Neighbors,0.8335108271210507,0.7473385379701917,0.3785900783289817,0.5513307984790875,908,118,145,238
189,189,Bagging,Decision Tree,0.7539936102236422,0.758694109297374,0.6945169712793734,0.5439672801635992,803,223,266,117
190,190,Bagging,Gradient boosting,0.9982250621228257,0.7196593328601846,0.4490861618798956,0.48314606741573035,842,184,172,211
191,191,Extra trees,Random forest,0.9973375931842385,0.7750177430801988,0.4255874673629243,0.6269230769230769,929,97,163,220
192,192,Extra trees,Bagging,0.9795882144124956,0.7558552164655784,0.39425587467362927,0.5741444866920152,914,112,151,232
193,193,Extra trees,Extra trees,0.997515086971956,0.765791341376863,0.4177545691906005,0.599250936329588,919,107,160,223
194,194,Extra trees,adaboost,0.8070642527511537,0.7920511000709723,0.4856396866840731,0.6595744680851063,930,96,186,197
195,195,Extra trees,XG Boost,0.821618743343983,0.7984386089425124,0.4725848563968668,0.688212927756654,944,82,181,202
196,196,Extra trees,Logistic Regression,0.806354277600284,0.7998580553584103,0.5143603133159269,0.6723549488054608,930,96,197,186
197,197,Extra trees,K Nearest Neighbors,0.8322683706070287,0.7501774308019872,0.39425587467362927,0.5571955719557196,906,120,151,232
198,198,Extra trees,Decision Tree,0.7570110046148385,0.7466288147622427,0.6814621409921671,0.5262096774193549,791,235,261,122
199,199,Extra trees,Gradient boosting,0.997515086971956,0.7239176721078779,0.4830287206266319,0.4920212765957447,835,191,185,198
200,200,adaboost,Random forest,0.9973375931842385,0.7743080198722498,0.42036553524804177,0.6264591439688716,930,96,161,222
201,201,adaboost,Bagging,0.9831380901668442,0.758694109297374,0.412532637075718,0.5787545787545788,911,115,158,225
202,202,adaboost,Extra trees,0.9976925807596734,0.7622427253371186,0.4360313315926893,0.583916083916084,907,119,167,216
203,203,adaboost,adaboost,0.8086616968406106,0.7963094393186657,0.4830287206266319,0.6751824817518248,937,89,185,198
204,204,adaboost,XG Boost,0.822861199858005,0.794889992902768,0.47780678851174935,0.6727941176470589,937,89,183,200
205,205,adaboost,Logistic Regression,0.8001419950301739,0.8005677785663591,0.4830287206266319,0.6902985074626866,943,83,185,198
206,206,adaboost,K Nearest Neighbors,0.8466453674121406,0.7615330021291696,0.4908616187989556,0.5714285714285714,885,141,188,195
207,207,adaboost,Decision Tree,0.7589634362797302,0.759403832505323,0.6866840731070496,0.5456431535269709,807,219,263,120
208,208,adaboost,Gradient boosting,0.9976925807596734,0.7132718239886444,0.47780678851174935,0.4728682170542636,822,204,183,200
209,209,XG Boost,Random forest,0.9971600993965212,0.7700496806245565,0.4308093994778068,0.6088560885608856,920,106,165,218
210,210,XG Boost,Bagging,0.9779907703230387,0.7686302342086586,0.412532637075718,0.61003861003861,925,101,158,225
211,211,XG Boost,Extra trees,0.9971600993965212,0.7629524485450674,0.4490861618798956,0.5830508474576271,903,123,172,211
212,212,XG Boost,adaboost,0.8115015974440895,0.7984386089425124,0.5143603133159269,0.6677966101694915,928,98,197,186
213,213,XG Boost,XG Boost,0.8244586439474618,0.7899219304471257,0.4725848563968668,0.6581818181818182,932,94,181,202
214,214,XG Boost,Logistic Regression,0.7955271565495208,0.7984386089425124,0.4934725848563969,0.6774193548387096,936,90,189,194
215,215,XG Boost,K Nearest Neighbors,0.8335108271210507,0.7494677075940384,0.3838120104438642,0.5568181818181818,909,117,147,236
216,216,XG Boost,Decision Tree,0.7500887468938587,0.7544357700496807,0.7101827676240209,0.5364891518737672,791,235,272,111
217,217,XG Boost,Gradient boosting,0.9971600993965212,0.7040454222853088,0.4621409921671018,0.45618556701030927,815,211,177,206
218,218,Logistic Regression,Random forest,0.9978700745473909,0.772888573456352,0.45691906005221933,0.6097560975609756,914,112,175,208
219,219,Logistic Regression,Bagging,0.9833155839545616,0.7672107877927609,0.4360313315926893,0.5985663082437276,914,112,167,216
220,220,Logistic Regression,Extra trees,0.9980475683351083,0.7636621717530163,0.4856396866840731,0.577639751552795,890,136,186,197
221,221,Logistic Regression,adaboost,0.8090166844160455,0.7885024840312278,0.4908616187989556,0.6460481099656358,923,103,188,195
222,222,Logistic Regression,XG Boost,0.8193113241036564,0.7927608232789212,0.4830287206266319,0.6630824372759857,932,94,185,198
223,223,Logistic Regression,Logistic Regression,0.7980120695775648,0.7856635911994322,0.49869451697127937,0.6345514950166113,916,110,191,192
224,224,Logistic Regression,K Nearest Neighbors,0.8320908768193114,0.7466288147622427,0.381201044386423,0.5488721804511278,906,120,146,237
225,225,Logistic Regression,Decision Tree,0.7554135605253817,0.759403832505323,0.7075718015665796,0.5441767068273092,799,227,271,112
226,226,Logistic Regression,Gradient boosting,0.9980475683351083,0.723207948899929,0.4908616187989556,0.4908616187989556,831,195,188,195
227,227,K Nearest Neighbors,Random forest,0.9959176428824991,0.7721788502484032,0.43342036553524804,0.6148148148148148,922,104,166,217
228,228,K Nearest Neighbors,Bagging,0.9788782392616259,0.7565649396735273,0.38903394255874674,0.5775193798449613,917,109,149,234
229,229,K Nearest Neighbors,Extra trees,0.9959176428824991,0.758694109297374,0.4308093994778068,0.5749128919860628,904,122,165,218
230,230,K Nearest Neighbors,adaboost,0.8072417465388712,0.7920511000709723,0.49869451697127937,0.6541095890410958,925,101,191,192
231,231,K Nearest Neighbors,XG Boost,0.8177138800141995,0.7963094393186657,0.4804177545691906,0.6764705882352942,938,88,184,199
232,232,K Nearest Neighbors,Logistic Regression,0.8054668086616968,0.7963094393186657,0.4934725848563969,0.6702127659574468,933,93,189,194
233,233,K Nearest Neighbors,K Nearest Neighbors,0.8466453674121406,0.7643718949609652,0.4908616187989556,0.5784615384615385,889,137,188,195
234,234,K Nearest Neighbors,Decision Tree,0.7536386226482074,0.7629524485450674,0.7154046997389034,0.5490981963927856,801,225,274,109
235,235,K Nearest Neighbors,Gradient boosting,0.9959176428824991,0.7203690560681334,0.4699738903394256,0.48517520215633425,835,191,180,203
236,236,Decision Tree,Random forest,0.9980475683351083,0.7721788502484032,0.42036553524804177,0.6192307692307693,927,99,161,222
237,237,Decision Tree,Bagging,0.9787007454739084,0.7480482611781405,0.3577023498694517,0.556910569105691,917,109,137,246
238,238,Decision Tree,Extra trees,0.9982250621228257,0.7665010645848119,0.43342036553524804,0.5971223021582733,914,112,166,217
239,239,Decision Tree,adaboost,0.8068867589634363,0.7842441447835344,0.4621409921671018,0.6436363636363637,928,98,177,206
240,240,Decision Tree,XG Boost,0.8196663116790912,0.7927608232789212,0.4725848563968668,0.6678966789667896,936,90,181,202
241,241,Decision Tree,Logistic Regression,0.7971246006389776,0.7955997161107168,0.48825065274151436,0.6702508960573477,934,92,187,196
242,242,Decision Tree,K Nearest Neighbors,0.8331558395456159,0.7487579843860894,0.38903394255874674,0.5539033457249071,906,120,149,234
243,243,Decision Tree,Decision Tree,0.7712105076322329,0.758694109297374,0.5926892950391645,0.5523114355231143,842,184,227,156
244,244,Decision Tree,Gradient boosting,0.9982250621228257,0.7033356990773598,0.44386422976501305,0.4533333333333333,821,205,170,213
245,245,Gradient boosting,Random forest,0.9953851615193469,0.7707594038325053,0.4281984334203655,0.6119402985074627,922,104,164,219
246,246,Gradient boosting,Bagging,0.9779907703230387,0.7579843860894251,0.40992167101827676,0.5772058823529411,911,115,157,226
247,247,Gradient boosting,Extra trees,0.9953851615193469,0.7494677075940384,0.4255874673629243,0.5506756756756757,893,133,163,220
248,248,Gradient boosting,adaboost,0.8072417465388712,0.7920511000709723,0.49869451697127937,0.6541095890410958,925,101,191,192
249,249,Gradient boosting,XG Boost,0.8182463613773517,0.8005677785663591,0.47780678851174935,0.6931818181818182,945,81,183,200
250,250,Gradient boosting,Logistic Regression,0.8049343272985445,0.7934705464868701,0.48825065274151436,0.6631205673758865,931,95,187,196
251,251,Gradient boosting,K Nearest Neighbors,0.8473553425630103,0.758694109297374,0.4856396866840731,0.5653495440729484,883,143,186,197
252,252,Gradient boosting,Decision Tree,0.7538161164359247,0.7636621717530163,0.6997389033942559,0.551440329218107,808,218,268,115
253,253,Gradient boosting,Gradient boosting,0.9953851615193469,0.7317246273953159,0.4960835509138381,0.5066666666666667,841,185,190,193
254,Reverse sfs,Reverse sfs,Reverse sfs,Reverse sfs,Reverse sfs,Reverse sfs,Reverse sfs,Reverse sfs,Reverse sfs,Reverse sfs,Reverse sfs
255,255,Random forest,Random forest,0.9980475683351083,0.7806955287437899,0.4412532637075718,0.6401515151515151,931,95,169,214
256,256,Random forest,Bagging,0.9829605963791267,0.7629524485450674,0.4151436031331593,0.5910780669144982,916,110,159,224
257,257,Random forest,Extra trees,0.9982250621228257,0.7714691270404542,0.4516971279373368,0.6070175438596491,914,112,173,210
258,258,Random forest,adaboost,0.8104366347177849,0.7963094393186657,0.4960835509138381,0.6690140845070423,932,94,190,193
259,259,Random forest,XG Boost,0.8217962371317004,0.7955997161107168,0.4751958224543081,0.6765799256505576,939,87,182,201
260,260,Random forest,Logistic Regression,0.805111821086262,0.7998580553584103,0.5248041775456919,0.6677740863787376,926,100,201,182
261,261,Random forest,K Nearest Neighbors,0.832800851970181,0.751596877217885,0.391644908616188,0.5617977528089888,909,117,150,233
262,262,Random forest,Decision Tree,0.7594959176428825,0.7551454932576295,0.6997389033942559,0.5381526104417671,796,230,268,115
263,263,Random forest,Gradient boosting,0.9982250621228257,0.7203690560681334,0.4830287206266319,0.48556430446194226,830,196,185,198
264,264,Bagging,Random forest,0.9969826056088037,0.7792760823278921,0.4386422976501306,0.6363636363636364,930,96,168,215
265,265,Bagging,Bagging,0.9795882144124956,0.759403832505323,0.3968668407310705,0.5846153846153846,918,108,152,231
266,266,Bagging,Extra trees,0.9969826056088037,0.7665010645848119,0.4255874673629243,0.5992647058823529,917,109,163,220
267,267,Bagging,adaboost,0.8109691160809371,0.7955997161107168,0.5013054830287206,0.6643598615916955,929,97,192,191
268,268,Bagging,XG Boost,0.8249911253106141,0.7998580553584103,0.48825065274151436,0.684981684981685,940,86,187,196
269,269,Bagging,Logistic Regression,0.8019169329073482,0.7892122072391767,0.48825065274151436,0.6493055555555556,925,101,187,196
270,270,Bagging,K Nearest Neighbors,0.8338658146964856,0.751596877217885,0.3968668407310705,0.5608856088560885,907,119,152,231
271,271,Bagging,Decision Tree,0.7548810791622294,0.7558552164655784,0.7023498694516971,0.5390781563126252,796,230,269,114
272,272,Bagging,Gradient boosting,0.9969826056088037,0.7274662881476224,0.48825065274151436,0.49866666666666665,838,188,187,196
273,273,Extra trees,Random forest,0.9968051118210862,0.7636621717530163,0.4360313315926893,0.5880281690140845,909,117,167,216
274,274,Extra trees,Bagging,0.9794107206247782,0.7686302342086586,0.4516971279373368,0.5986159169550173,910,116,173,210
275,275,Extra trees,Extra trees,0.9968051118210862,0.7565649396735273,0.4725848563968668,0.562111801242236,885,141,181,202
276,276,Extra trees,adaboost,0.8019169329073482,0.7934705464868701,0.4934725848563969,0.6608391608391608,929,97,189,194
277,277,Extra trees,XG Boost,0.8145189918352858,0.7906316536550745,0.4725848563968668,0.6605839416058394,933,93,181,202
278,278,Extra trees,Logistic Regression,0.7957046503372383,0.7856635911994322,0.4830287206266319,0.6401384083044983,922,104,185,198
279,279,Extra trees,K Nearest Neighbors,0.8308484203052893,0.7508871540099361,0.381201044386423,0.5615384615384615,912,114,146,237
280,280,Extra trees,Decision Tree,0.7463613773517926,0.7494677075940384,0.7049608355091384,0.5294117647058824,786,240,270,113
281,281,Extra trees,Gradient boosting,0.9968051118210862,0.7196593328601846,0.4830287206266319,0.48429319371727747,829,197,185,198
282,282,adaboost,Random forest,0.9980475683351083,0.772888573456352,0.4360313315926893,0.6162361623616236,922,104,167,216
283,283,adaboost,Bagging,0.9820731274405395,0.7537260468417317,0.37597911227154046,0.5714285714285714,918,108,144,239
284,284,adaboost,Extra trees,0.9980475683351083,0.7665010645848119,0.4490861618798956,0.593103448275862,908,118,172,211
285,285,adaboost,adaboost,0.8090166844160455,0.7970191625266146,0.49869451697127937,0.6701754385964912,932,94,191,192
286,286,adaboost,XG Boost,0.8201987930422435,0.7998580553584103,0.4804177545691906,0.6891385767790262,943,83,184,199
287,287,adaboost,Logistic Regression,0.7983670571529996,0.8005677785663591,0.5091383812010444,0.6770833333333334,933,93,195,188
288,288,adaboost,K Nearest Neighbors,0.8329783457578984,0.7473385379701917,0.3838120104438642,0.550561797752809,906,120,147,236
289,289,adaboost,Decision Tree,0.7575434859779908,0.758694109297374,0.7023498694516971,0.5434343434343434,800,226,269,114
290,290,adaboost,Gradient boosting,0.9980475683351083,0.7260468417317246,0.4699738903394256,0.49586776859504134,843,183,180,203
291,291,XG Boost,Random forest,0.997515086971956,0.7693399574166075,0.4360313315926893,0.605072463768116,917,109,167,216
292,292,XG Boost,Bagging,0.9779907703230387,0.7643718949609652,0.412532637075718,0.5962264150943396,919,107,158,225
293,293,XG Boost,Extra trees,0.997515086971956,0.7544357700496807,0.43342036553524804,0.5627118644067797,897,129,166,217
294,294,XG Boost,adaboost,0.8115015974440895,0.7984386089425124,0.5143603133159269,0.6677966101694915,928,98,197,186
295,295,XG Boost,XG Boost,0.8285410010649628,0.794180269694819,0.4725848563968668,0.6728624535315985,938,88,181,202
296,296,XG Boost,Logistic Regression,0.7980120695775648,0.7977288857345636,0.4934725848563969,0.675,935,91,189,194
297,297,XG Boost,K Nearest Neighbors,0.8331558395456159,0.7501774308019872,0.391644908616188,0.5576208178438662,907,119,150,233
298,298,XG Boost,Decision Tree,0.754348597799077,0.759403832505323,0.6919060052219321,0.5452674897119342,805,221,265,118
299,299,XG Boost,Gradient boosting,0.997515086971956,0.7047551454932577,0.4751958224543081,0.45843828715365237,811,215,182,201
300,300,Logistic Regression,Random forest,0.9978700745473909,0.7764371894960965,0.42297650130548303,0.6328125,932,94,162,221
301,301,Logistic Regression,Bagging,0.9817181398651047,0.7608232789212207,0.4046997389033943,0.5871212121212122,917,109,155,228
302,302,Logistic Regression,Extra trees,0.9978700745473909,0.765791341376863,0.43342036553524804,0.5949820788530465,913,113,166,217
303,303,Logistic Regression,adaboost,0.8099041533546326,0.7927608232789212,0.48825065274151436,0.6607773851590106,930,96,187,196
304,304,Logistic Regression,XG Boost,0.8251686190983316,0.794889992902768,0.4751958224543081,0.674074074074074,938,88,182,201
305,305,Logistic Regression,Logistic Regression,0.8042243521476748,0.7955997161107168,0.5143603133159269,0.6588628762541806,924,102,197,186
306,306,Logistic Regression,K Nearest Neighbors,0.8329783457578984,0.7480482611781405,0.3785900783289817,0.5534351145038168,909,117,145,238
307,307,Logistic Regression,Decision Tree,0.7552360667376642,0.751596877217885,0.6919060052219321,0.5331991951710262,794,232,265,118
308,308,Logistic Regression,Gradient boosting,0.9978700745473909,0.7239176721078779,0.4908616187989556,0.49214659685863876,832,194,188,195
309,309,K Nearest Neighbors,Random forest,0.9966276180333689,0.7764371894960965,0.4621409921671018,0.6188811188811189,917,109,177,206
310,310,K Nearest Neighbors,Bagging,0.9801206957756479,0.7508871540099361,0.3785900783289817,0.562015503875969,913,113,145,238
311,311,K Nearest Neighbors,Extra trees,0.9966276180333689,0.7508871540099361,0.43342036553524804,0.5533333333333333,892,134,166,217
312,312,K Nearest Neighbors,adaboost,0.811324103656372,0.7920511000709723,0.4908616187989556,0.6573426573426573,928,98,188,195
313,313,K Nearest Neighbors,XG Boost,0.8201987930422435,0.7934705464868701,0.46475195822454307,0.6742424242424242,940,86,178,205
314,314,K Nearest Neighbors,Logistic Regression,0.8010294639687611,0.8041163946061036,0.5195822454308094,0.6838487972508591,934,92,199,184
315,315,K Nearest Neighbors,K Nearest Neighbors,0.8338658146964856,0.7530163236337828,0.3968668407310705,0.5650557620817844,909,117,152,231
316,316,K Nearest Neighbors,Decision Tree,0.7509762158324459,0.7572746628814763,0.7023498694516971,0.5412474849094567,798,228,269,114
317,317,K Nearest Neighbors,Gradient boosting,0.9966276180333689,0.71611071682044,0.48825065274151436,0.4782608695652174,822,204,187,196
318,318,Decision Tree,Random forest,0.997515086971956,0.7679205110007097,0.412532637075718,0.6076923076923076,924,102,158,225
319,319,Decision Tree,Bagging,0.9829605963791267,0.7622427253371186,0.3785900783289817,0.5991735537190083,929,97,145,238
320,320,Decision Tree,Extra trees,0.997515086971956,0.758694109297374,0.42297650130548303,0.5765124555160143,907,119,162,221
321,321,Decision Tree,adaboost,0.8090166844160455,0.7934705464868701,0.4830287206266319,0.6654676258992805,933,93,185,198
322,322,Decision Tree,XG Boost,0.8193113241036564,0.8005677785663591,0.4830287206266319,0.6902985074626866,943,83,185,198
323,323,Decision Tree,Logistic Regression,0.8049343272985445,0.794180269694819,0.4699738903394256,0.6741573033707865,939,87,180,203
324,324,Decision Tree,K Nearest Neighbors,0.8384806531771388,0.7615330021291696,0.4856396866840731,0.5723076923076923,887,139,186,197
325,325,Decision Tree,Decision Tree,0.7776002839900603,0.7714691270404542,0.6266318537859008,0.5727923627684964,847,179,240,143
326,326,Decision Tree,Gradient boosting,0.997515086971956,0.723207948899929,0.4464751958224543,0.4899713467048711,848,178,171,212
327,327,Gradient boosting,Random forest,0.9968051118210862,0.7714691270404542,0.42297650130548303,0.6159695817490495,925,101,162,221
328,328,Gradient boosting,Bagging,0.9781682641107561,0.7544357700496807,0.3681462140992167,0.5755102040816327,922,104,141,242
329,329,Gradient boosting,Extra trees,0.9968051118210862,0.7466288147622427,0.4073107049608355,0.5454545454545454,896,130,156,227
330,330,Gradient boosting,adaboost,0.81008164714235,0.7963094393186657,0.4960835509138381,0.6690140845070423,932,94,190,193
331,331,Gradient boosting,XG Boost,0.8244586439474618,0.7991483321504613,0.4751958224543081,0.6893939393939394,944,82,182,201
332,332,Gradient boosting,Logistic Regression,0.7997870074547391,0.7970191625266146,0.4856396866840731,0.6763636363636364,937,89,186,197
333,333,Gradient boosting,K Nearest Neighbors,0.8324458643947462,0.7551454932576295,0.39947780678851175,0.5708955223880597,911,115,153,230
334,334,Gradient boosting,Decision Tree,0.7490237841675541,0.7629524485450674,0.6971279373368147,0.5505154639175258,808,218,267,116
335,335,Gradient boosting,Gradient boosting,0.9968051118210862,0.7097232079489,0.4490861618798956,0.4648648648648649,828,198,172,211
337,337,RFE,Random forest,0.7889598864039759,0.7622427253371186,0.4621409921671018,0.5784313725490197,897,129,177,206
338,338,RFE,Bagging,0.7882499112531062,0.7629524485450674,0.48825065274151436,0.5753846153846154,888,138,187,196
339,339,RFE,Extra trees,0.7891373801916933,0.7650816181689141,0.48825065274151436,0.5807453416149069,891,135,187,196
340,340,RFE,adaboost,0.777422790202343,0.7757274662881476,0.4464751958224543,0.6218181818181818,922,104,171,212
341,341,RFE,XG Boost,0.7807951721689741,0.7714691270404542,0.43342036553524804,0.6125461254612546,921,105,166,217
342,342,RFE,Logistic Regression,0.7781327653532126,0.7764371894960965,0.4177545691906005,0.6349206349206349,934,92,160,223
343,343,RFE,K Nearest Neighbors,0.7706780262690806,0.7359829666430092,0.43342036553524804,0.5171339563862928,871,155,166,217
344,344,RFE,Decision Tree,0.7413915512957047,0.7317246273953159,0.6318537859007833,0.5052192066805845,789,237,242,141
345,345,RFE,Gradient boosting,0.7891373801916933,0.7650816181689141,0.48825065274151436,0.5807453416149069,891,135,187,196
